300	409 	 100.	28	0.1
1.e-5	4
1       38
0
1       269       291         0.00080         0.00348        0.00000
2       226       271         0.05558         0.24666        0.00000
3       226       300         0.05559         0.24666        0.00000
4       227       225         0.03811         0.21648        0.00000
5       225       228         0.05370         0.07026        0.00000
6       228       229         1.10680         0.95278        0.00000
7       271       300         0.05580         0.24666        0.00000
8       300       144         0.07378         0.06352        0.00000
9       144       270         0.03832         0.02894        0.00000
10       227       68         0.23552         0.99036        0.00000
11       146       147         0.00100         0.00600        0.00000
12       230       71         0.00100         0.00900        0.00000
13       230       148         0.00600         0.02700        0.05400
14       292       272         0.00000         0.00300        0.00000
15       292       150         0.00800         0.06900        0.13900
16       292       104         0.00100         0.00700        0.00000
17       70       149         0.00200         0.01900        1.12700
18       147       72         0.00600         0.02900        0.01800
19       272       231         0.00100         0.00900        0.07000
20       272       98         0.00100         0.00700        0.01400
21       148       273         0.01300         0.05950        0.03300
22       148       75         0.01300         0.04200        0.08100
23       72       273         0.00600         0.02700        0.01300
24       273       74         0.00800         0.03400        0.01800
25       231       233         0.00200         0.01500        0.11800
26       74       232         0.00600         0.03400        0.01600
27       75       286         0.01400         0.04200        0.09700
28       286       297         0.06500         0.24800        0.12100
29       286       165         0.09900         0.24800        0.03500
30       286       166         0.09600         0.36300        0.04800
31       149       274         0.00200         0.02200        1.28000
32       150       233         0.00200         0.01800        0.03600
33       150       163         0.01300         0.08000        0.15100
34       232       77         0.01600         0.03300        0.01500
35       232       79         0.06900         0.18600        0.09800
36       233       235         0.00400         0.03400        0.28000
37       77       234         0.05200         0.11100        0.05000
38       234       78         0.01900         0.03900        0.01800
39       235       14         0.00700         0.06800        0.13400
40       78       151         0.03600         0.07100        0.03400
41       151       79         0.04500         0.12000        0.06500
42       151       15         0.04300         0.13000        0.01400
43       236       80         0.00000         0.06300        0.00000
44       236       238         0.00250         0.01200        0.01300
45       236       152         0.00600         0.02900        0.02000
46       236       287         0.00700         0.04300        0.02600
47       80       274         0.00100         0.00800        0.04200
48       237       245         0.01200         0.06000        0.00800
49       237       161         0.00600         0.01400        0.00200
50       237       293         0.01000         0.02900        0.00300
51       81       164         0.00400         0.02700        0.04300
52       297       238         0.00800         0.04700        0.00800
53       297       152         0.02200         0.06400        0.00700
54       297       287         0.01000         0.03600        0.02000
55       297       241         0.01700         0.08100        0.04800
56       297       165         0.10200         0.25400        0.03300
57       297       166         0.04700         0.12700        0.01600
58       238       287         0.00800         0.03700        0.02000
59       238       239         0.03200         0.08700        0.04000
60       82       274         0.00060         0.00640        0.40400
61       152       155         0.02600         0.15400        0.02200
62       287       274         0.00000         0.02900        0.00000
63       287       241         0.06500         0.19100        0.02000
64       287       156         0.03100         0.08900        0.03600
65       274       153         0.00200         0.01400        0.80600
66       239       275         0.02600         0.07200        0.03500
67       239       155         0.09500         0.26200        0.03200
68       239       84         0.01300         0.03900        0.01600
69       275       154         0.02700         0.08400        0.03900
70       275       157         0.02800         0.08400        0.03700
71       240       87         0.00700         0.04100        0.31200
72       240       246         0.00900         0.05400        0.41100
73       153       248         0.00500         0.04200        0.69000
74       154       277         0.05200         0.14500        0.07300
75       154       94         0.04300         0.11800        0.01300
76       155       173         0.02500         0.06200        0.00700
77       241       156         0.03100         0.09400        0.04300
78       156       83         0.03700         0.10900        0.04900
79       83       242         0.02700         0.08000        0.03600
80       84       157         0.02500         0.07300        0.03500
81       157       242         0.03500         0.10300        0.04700
82       242       243         0.06500         0.16900        0.08200
83       243       85         0.04600         0.08000        0.03600
84       243       159         0.15900         0.53700        0.07100
85       85       86         0.00900         0.02600        0.00500
86       86       158         0.00200         0.01300        0.01500
87       87       276         0.00900         0.06500        0.48500
88       276       88         0.01600         0.10500        0.20300
89       276       101         0.00100         0.00700        0.01300
90       159       19         0.02650         0.17200        0.02600
91       160       298         0.05100         0.23200        0.02800
92       160       247         0.05100         0.15700        0.02300
93       89       244         0.03200         0.10000        0.06200
94       89       20         0.02000         0.12340        0.02800
95       244       245         0.03600         0.13100        0.06800
96       244       277         0.03400         0.09900        0.04700
97       245       293         0.01800         0.08700        0.01100
98       245       21         0.02560         0.19300        0.00000
99       277       161         0.02100         0.05700        0.03000
100       277       247         0.01800         0.05200        0.01800
101       246       164         0.00400         0.02700        0.05000
102       246       23         0.02860         0.20130        0.37900
103       161       293         0.01600         0.04300        0.00400
104       293       162         0.00100         0.00600        0.00700
105       293       90         0.01400         0.07000        0.03800
106       293       22         0.08910         0.26760        0.02900
107       293       24         0.07820         0.21270        0.02200
108       162       247         0.00600         0.02200        0.01100
109       162       1         0.00000         0.03600        0.00000
110       247       298         0.09900         0.37500        0.05100
111       90       298         0.02200         0.10700        0.05800
112       248       205         0.00350         0.03300        0.53000
113       248       206         0.00350         0.03300        0.53000
114       91       249         0.00800         0.06400        0.12800
115       249       163         0.01200         0.09300        0.18300
116       249       17         0.00600         0.04800        0.09200
117       165       167         0.04700         0.11900        0.01400
118       166       168         0.03200         0.17400        0.02400
119       167       169         0.10000         0.25300        0.03100
120       167       278         0.02200         0.07700        0.03900
121       168       171         0.01900         0.14400        0.01700
122       168       250         0.01700         0.09200        0.01200
123       169       278         0.27800         0.42700        0.04300
124       278       170         0.02200         0.05300        0.00700
125       278       280         0.03800         0.09200        0.01200
126       278       171         0.04800         0.12200        0.01500
127       92       170         0.02400         0.06400        0.00700
128       92       280         0.03400         0.12100        0.01500
129       279       173         0.05300         0.13500        0.01700
130       279       174         0.00200         0.00400        0.00200
131       279       251         0.04500         0.35400        0.04400
132       279       252         0.05000         0.17400        0.02200
133       170       280         0.01600         0.03800        0.00400
134       280       172         0.04300         0.06400        0.02700
135       171       250         0.01900         0.06200        0.00800
136       172       174         0.07600         0.13000        0.04400
137       172       16         0.04400         0.12400        0.01500
138       250       173         0.01200         0.08800        0.01100
139       250       252         0.15700         0.40000        0.04700
140       174       18         0.07400         0.20800        0.02600
141       251       252         0.07000         0.18400        0.02100
142       251       94         0.10000         0.27400        0.03100
143       251       175         0.10900         0.39300        0.03600
144       252       93         0.14200         0.40400        0.05000
145       93       175         0.01700         0.04200        0.00600
146       95       256         0.00360         0.01990        0.00400
147       96       255         0.00200         0.10490        0.00100
148       97       253         0.00010         0.00180        0.01700
149       253       254         0.00000         0.02710        0.00000
150       253       142         0.00000         0.61630        0.00000
151       142       255         0.00000        -0.36970        0.00000
152       253       176         0.00220         0.29150        0.00000
153       254       255         0.00000         0.03390        0.00000
154       254       176         0.00000         0.05820        0.00000
155       256       177         0.08080         0.23440        0.02900
156       256       179         0.09650         0.36690        0.05400
157       177       178         0.03600         0.10760        0.11700
158       177       179         0.04760         0.14140        0.14900
159       179       294         0.00060         0.01970        0.00000
160       294       257         0.00590         0.04050        0.25000
161       294       181         0.01150         0.11060        0.18500
162       294       182         0.01980         0.16880        0.32100
163       294       191         0.00500         0.05000        0.33000
164       294       192         0.00770         0.05380        0.33500
165       294       196         0.01650         0.11570        0.17100
166       257       180         0.00590         0.05770        0.09500
167       257       183         0.00490         0.03360        0.20800
168       257       195         0.00590         0.05770        0.09500
169       180       299         0.00780         0.07730        0.12600
170       180       288         0.00260         0.01930        0.03000
171       181       299         0.00760         0.07520        0.12200
172       181       288         0.00210         0.01860        0.03000
173       299       182         0.00160         0.01640        0.02600
174       299       105         0.00170         0.01650        0.02600
175       299       115         0.00790         0.07930        0.12700
176       299       195         0.00780         0.07840        0.12500
177       288       295         0.00170         0.01170        0.28900
178       288       195         0.00260         0.01930        0.03000
179       288       196         0.00210         0.01860        0.03000
180       288       2         0.00020         0.01010        0.00000
181       183       99         0.00430         0.02930        0.18000
182       183       121         0.00390         0.03810        0.25800
183       99       184         0.00910         0.06230        0.38500
184       184       295         0.01250         0.08900        0.54000
185       184       106         0.00560         0.03900        0.95300
186       295       296         0.00150         0.01140        0.28400
187       295       201         0.00050         0.00340        0.02100
188       295       122         0.00070         0.01510        0.12600
189       295       262         0.00050         0.00340        0.02100
190       185       197         0.05620         0.22480        0.08100
191       296       186         0.01200         0.08360        0.12300
192       296       187         0.01520         0.11320        0.68400
193       296       282         0.04680         0.33690        0.51900
194       296       258         0.04300         0.30310        0.46300
195       296       102         0.04890         0.34920        0.53800
196       296       119         0.00130         0.00890        0.11900
197       186       258         0.02910         0.22670        0.34200
198       187       281         0.00600         0.05700        0.76700
199       281       282         0.00750         0.07730        0.11900
200       281       103         0.01270         0.09090        0.13500
201       282       258         0.00850         0.05880        0.08700
202       282       103         0.02180         0.15110        0.22300
203       258       102         0.00730         0.05040        0.07400
204       188       261         0.05230         0.15260        0.07400
205       188       200         0.13710         0.39190        0.07600
206       106       189         0.01370         0.09570        0.14100
207       189       110         0.00550         0.02880        0.19000
208       107       108         0.17460         0.31610        0.04000
209       107       120         0.08040         0.30540        0.04500
210       190       110         0.01100         0.05680        0.38800
211       191       193         0.00080         0.00980        0.06900
212       192       193         0.00290         0.02850        0.19000
213       192       109         0.00660         0.04480        0.27700
214       111       194         0.00240         0.03260        0.23600
215       111       113         0.00180         0.02450        1.66200
216       112       194         0.00440         0.05140        3.59700
217       113       114         0.00020         0.01230        0.00000
218       115       196         0.00180         0.01780        0.02900
219       197       259         0.06690         0.48430        0.06300
220       197       198         0.05580         0.22100        0.03100
221       259       198         0.08070         0.33310        0.04900
222       259       260         0.07390         0.30710        0.04300
223       259       199         0.17990         0.50170        0.06900
224       260       199         0.09040         0.36260        0.04800
225       260       200         0.07700         0.30920        0.05400
226       199       117         0.02510         0.08290        0.04700
227       117       261         0.02220         0.08470        0.05000
228       261       200         0.04980         0.18550        0.02900
229       261       118         0.00610         0.02900        0.08400
230       201       100         0.00040         0.02020        0.00000
231       201       123         0.00040         0.00830        0.11500
232       121       3         0.00250         0.02450        0.16400
233       122       262         0.00070         0.00860        0.11500
234       123       262         0.00070         0.00860        0.11500
235       262       100         0.00040         0.02020        0.00000
236       202       212         0.03300         0.09500        0.00000
237       202       131         0.04600         0.06900        0.00000
238       203       290         0.00040         0.00220        6.20000
239       203       138         0.00000         0.02750        0.00000
240       124       125         0.00300         0.04800        0.00000
241       125       218         0.00200         0.00900        0.00000
242       204       210         0.04500         0.06300        0.00000
243       204       212         0.04800         0.12700        0.00000
244       205       284         0.00310         0.02860        0.50000
245       205       25         0.00240         0.03550        0.36000
246       206       284         0.00310         0.02860        0.50000
247       263       207         0.01400         0.04000        0.00400
248       263       283         0.03000         0.08100        0.01000
249       207       289         0.01000         0.06000        0.00900
250       207       298         0.01500         0.04000        0.00600
251       289       128         0.33200         0.68800        0.00000
252       289       129         0.00900         0.04600        0.02500
253       289       283         0.02000         0.07300        0.00800
254       289       298         0.03400         0.10900        0.03200
255       126       208         0.07600         0.13500        0.00900
256       126       283         0.04000         0.10200        0.00500
257       208       283         0.08100         0.12800        0.01400
258       127       209         0.12400         0.18300        0.00000
259       129       298         0.01000         0.05900        0.00800
260       209       210         0.04600         0.06800        0.00000
261       210       211         0.30200         0.44600        0.00000
262       211       130         0.07300         0.09300        0.00000
263       211       212         0.24000         0.42100        0.00000
264       213       215         0.01390         0.07780        0.08600
265       214       215         0.00170         0.01850        0.02000
266       214       222         0.00150         0.01080        0.00200
267       215       132         0.00450         0.02490        0.02600
268       132       264         0.00400         0.04970        0.01800
269       264       216         0.00000         0.04560        0.00000
270       264       284         0.00050         0.01770        0.02000
271       264       265         0.00270         0.03950        0.83200
272       284       285         0.00030         0.00180        5.20000
273       265       216         0.00370         0.04840        0.43000
274       265       133         0.00100         0.02950        0.50300
275       265       221         0.00160         0.00460        0.40200
276       133       134         0.00030         0.00130        1.00000
277       217       218         0.01000         0.06400        0.48000
278       217       135         0.00190         0.00810        0.86000
279       218       124         0.00100         0.06100        0.00000
280       135       290         0.00050         0.02120        0.00000
281       219       220         0.00190         0.00870        1.28000
282       219       290         0.00260         0.09170        0.00000
283       219       266         0.00130         0.02880        0.81000
284       220       203         0.00000         0.06260        0.00000
285       290       136         0.00020         0.00690        1.36400
286       290       285         0.00010         0.00060        3.57000
287       136       8         0.00170         0.04850        0.00000
288       266       137         0.00020         0.02590        0.14400
289       266       285         0.00060         0.02720        0.00000
290       137       221         0.00020         0.00060        0.80000
291       138       13         0.00030         0.00430        0.00900
292       222       267         0.00820         0.08510        0.00000
293       222       268         0.01120         0.07230        0.00000
294       139       140         0.01270         0.03550        0.00000
295       139       267         0.03260         0.18040        0.00000
296       140       223         0.01950         0.05510        0.00000
297       267       223         0.01570         0.07320        0.00000
298       267       268         0.03600         0.21190        0.00000
299       223       268         0.02680         0.12850        0.00000
300       268       224         0.04280         0.12150        0.00000
301       224       141         0.03510         0.10040        0.00000
302       141       12         0.06160         0.18570        0.00000
0
97             3.250
255             0.550
107             0.345
194            -2.120
114            -1.030
259             0.530
200             0.450
203            -1.500
290            -3.000
221            -1.500
138            -1.400
224             0.456
300             0.024
54             0.017
0
1       297       269          0.0001          0.0005         1.0082          0.9043         1.1043
2       269       226          0.0244          0.4368         0.9668          0.9391         1.1478
3       269       227          0.0362          0.6490         0.9796          0.9391         1.1478
4       291       62          0.0158          0.3749         1.0435          0.9391         1.1478
5       291       63          0.0158          0.3749         0.9391          0.9391         1.1478
6       291       145          0.0160          0.3805         1.0435          0.9391         1.1478
7       291       64          0.0000          0.1520         1.0435          0.9391         1.1000
8       291       65          0.0000          0.8000         1.0435          0.9391         1.1000
9       228       47          0.4436          2.8152         1.0000          0.9391         1.1000
10       225       48          0.5075          3.2202         1.0000          0.9391         1.1000
11       229       49          0.6669          3.9440         1.0000          0.9391         1.1000
12       229       50          0.6113          3.6152         1.0000          0.9391         1.1000
13       271       66          0.4412          2.9668         1.0000          0.9391         1.1000
14       271       67          0.3079          2.0570         1.0000          0.9391         1.1000
15       300       51          0.7363          4.6724         1.0000          0.9391         1.1000
16       300       52          0.7698          4.8846         1.0000          0.9391         1.1000
17       300       53          0.7573          4.8056         1.0000          0.9391         1.1000
18       270       59          0.3661          2.4560         1.0000          0.9391         1.1000
19       270       60          1.0593          5.4536         1.0000          0.9391         1.1000
20       270       61          0.1567          1.6994         1.0000          0.9000         1.1000
21       300       54          0.1301          1.3912         1.0000          0.9391         1.1000
22       300       55          0.5448          3.4572         1.0000          0.9391         1.1000
23       300       56          0.1543          1.6729         1.0000          0.9391         1.1000
24       300       57          0.3849          2.5712         1.0000          0.9391         1.1000
25       300       58          0.4412          2.9668         1.0000          0.9391         1.1000
26       145       69          0.0000          0.7500         0.9583          0.9391         1.1000
27       4       214          0.0025          0.0380         1.0000          0.9391         1.1000
28       5       285          0.0014          0.0514         1.0000          0.9391         1.1000
29       6       290          0.0009          0.0472         1.0000          0.9391         1.1000
30       11       285          0.0005          0.0154         1.0000          0.9391         1.1000
31       292       146          0.0000          0.0520         0.9470          0.9000         1.1000
32       292       230          0.0000          0.0520         0.9560          0.9000         1.1000
33       292       70          0.0000          0.0050         0.9710          0.9000         1.1000
34       272       147          0.0000          0.0390         0.9480          0.9000         1.1000
35       272       71          0.0000          0.0390         0.9590          0.9000         1.1000
36       73       273          0.0000          0.0890         1.0460          0.9000         1.1000
37       231       73          0.0000          0.0530         0.9850          0.9000         1.1000
38       286       76          0.0194          0.0311         0.9561          0.9000         1.1000
39       149       286          0.0010          0.0380         0.9710          0.9000         1.1000
40       233       232          0.0000          0.0140         0.9520          0.9000         1.1000
41       235       234          0.0000          0.0640         0.9430          0.9000         1.1000
42       81       237          0.0000          0.0470         1.0100          0.9000         1.1000
43       240       275          0.0000          0.0200         1.0080          0.9000         1.1000
44       240       153          0.0000          0.0210         1.0000          0.9000         1.1000
45       276       158          0.0000          0.0590         0.9750          0.9000         1.1000
46       159       88          0.0000          0.0380         1.0170          0.9000         1.1000
47       277       246          0.0000          0.0244         1.0000          0.9000         1.1000
48       248       164          0.0000          0.0200         1.0000          0.9000         1.1000
49       91       279          0.0000          0.0480         1.0000          0.9000         1.1000
50       249       280          0.0000          0.0480         1.0000          0.9000         1.1000
51       163       169          0.0000          0.0460         1.0150          0.9000         1.1000
52       175       130          0.0000          0.1490         0.9670          0.9000         1.1000
53       96       178          0.0052          0.0174         1.0100          0.9000         1.1000
54       176       95          0.0000          0.0280         1.0500          0.9000         1.1000
55       256       191          0.0005          0.0195         1.0000          0.9000         1.1000
56       299       98          0.0000          0.0180         1.0522          0.9000         1.1000
57       299       104          0.0000          0.0140         1.0522          0.9000         1.1000
58       182       116          0.0010          0.0402         1.0500          0.9000         1.1000
59       186       198          0.0024          0.0603         0.9750          0.9000         1.1000
60       187       260          0.0024          0.0498         1.0000          0.9000         1.1000
61       281       101          0.0000          0.0833         1.0350          0.9000         1.1000
62       281       188          0.0013          0.0371         0.9565          0.9000         1.1000
63       282       118          0.0005          0.0182         1.0000          0.9000         1.1000
64       105       116          0.0010          0.0392         1.0500          0.9000         1.1000
65       189       120          0.0027          0.0639         1.0730          0.9000         1.1000
66       190       108          0.0008          0.0256         1.0500          0.9000         1.1000
67       193       97          0.0000          0.0160         1.0506          0.9000         1.1000
68       109       178          0.0012          0.0396         0.9750          0.9000         1.1000
69       112       295          0.0013          0.0384         0.9800          0.9000         1.1000
70       194       190          0.0009          0.0231         0.9560          0.9000         1.1000
71       119       185          0.0003          0.0131         1.0500          0.9000         1.1000
72       202       283          0.0000          0.2520         1.0300          0.9000         1.1000
73       204       263          0.0000          0.2370         1.0300          0.9000         1.1000
74       206       213          0.0008          0.0366         0.9850          0.9000         1.1000
75       208       224          0.0000          0.2200         1.0000          0.9000         1.1000
76       127       160          0.0000          0.0980         1.0300          0.9000         1.1000
77       128       298          0.0000          0.1280         1.0100          0.9000         1.1000
78       209       143          0.0200          0.2040         1.0500          0.9000         1.1000
79       131       289          0.0260          0.2110         1.0300          0.9000         1.1000
80       298       213          0.0030          0.0122         1.0000          0.9000         1.1000
81       216       284          0.0030          0.0122         0.9700          0.9000         1.1000
82       134       217          0.0012          0.0195         1.0000          0.9000         1.1000
83       220       7          0.0010          0.0332         1.0200          0.9000         1.1000
84       266       9          0.0005          0.0160         1.0700          0.9000         1.1000
85       221       10          0.0005          0.0160         1.0200          0.9000         1.1000
86       263       143          0.0001          0.0200         1.0000          0.9000         1.1000
87       254       26          0.0010          0.0230         1.0223          0.9000         1.1000
88       255       27          0.0000          0.0230         0.9284          0.9000         1.1000
89       29       230          0.0010          0.0146         1.0000          0.9000         1.1000
90       30       292          0.0000          0.0105         1.0000          0.9000         1.1000
91       41       158          0.0000          0.0238         1.0000          0.9000         1.1000
92       42       276          0.0000          0.0321         0.9500          0.9000         1.1000
93       46       114          0.0000          0.0154         1.0000          0.9000         1.1000
94       35       235          0.0000          0.0289         1.0000          0.9000         1.1000
95       28       146          0.0000          0.0195         1.0000          0.9000         1.1000
96       44       299          0.0000          0.0193         1.0000          0.9000         1.1000
97       31       273          0.0000          0.0192         1.0000          0.9000         1.1000
98       34       234          0.0000          0.0230         1.0000          0.9000         1.1000
99       38       241          0.0000          0.0124         1.0000          0.9000         1.1000
100       45       185          0.0000          0.0167         1.0000          0.9000         1.1000
101       32       231          0.0000          0.0312         1.0000          0.9000         1.1000
102       33       76          0.0000          0.0165         0.9420          0.9000         1.1000
103       36       82          0.0000          0.0316         0.9650          0.9000         1.1000
104       40       243          0.0000          0.0535         0.9500          0.9000         1.1000
105       37       275          0.0000          0.1818         0.9420          0.9000         1.1000
106       39       242          0.0000          0.1961         0.9420          0.9000         1.1000
107       43       244          0.0000          0.0690         0.9565          0.9000         1.1000
0
146           0.00          0.00         90.00         49.00
230           0.00          0.00         56.00         15.00
292           0.00          0.00         20.00          0.00
70           0.00          0.00          0.00          0.00
147           0.00          0.00        353.00        130.00
71           0.00          0.00        120.00         41.00
272           0.00          0.00          0.00          0.00
148          -5.00          0.00         58.00         14.00
72           0.00          0.00         96.00         43.00
73          -5.00          0.00        148.00         33.00
273           0.00          0.00         83.00         21.00
231           0.00          0.00          0.00          0.00
74           0.00          0.00         58.00         10.00
75           0.00          0.00        160.00         60.00
286           0.00          0.00        126.70         23.00
149           0.00          0.00          0.00          0.00
76           0.00          0.00        561.00        220.00
150           0.00          0.00          0.00          0.00
232         -10.00          0.00        595.00        120.00
233           0.00          0.00         77.00          1.00
77           0.00          0.00         81.00         23.00
234           0.00          0.00         21.00          7.00
235           0.00          0.00          0.00          0.00
78           0.00          0.00         45.00         12.00
151           0.00          0.00         28.00          9.00
79           0.00          0.00         69.00         13.00
236           0.00          0.00         55.00          6.00
80           0.00          0.00          0.00          0.00
237           0.00          0.00          0.00          0.00
81           0.00          0.00          0.00          0.00
297           0.00          0.00         85.00         32.00
238           0.00          0.00        155.00         18.00
82           0.00          0.00          0.00          0.00
152           0.00          0.00         46.00        -21.00
287           0.00          0.00         86.00          0.00
274           0.00          0.00          0.00          0.00
239           0.00          0.00         39.00          9.00
275           0.00          0.00        195.00         29.00
240           0.00          0.00          0.00          0.00
153           0.00          0.00          0.00          0.00
154           0.00          0.00         58.00         11.80
155           0.00          0.00         41.00         19.00
241           0.00          0.00         92.00         26.00
156           0.00          0.00         -5.00          5.00
83           0.00          0.00         61.00         28.00
84           0.00          0.00         69.00          3.00
157           0.00          0.00         10.00          1.00
242           0.00          0.00         22.00         10.00
243           0.00          0.00         98.00         20.00
85           0.00          0.00         14.00          1.00
86           0.00          0.00        218.00        106.00
87           0.00          0.00          0.00          0.00
158           0.00          0.00        227.00        110.00
276           0.00          0.00          0.00          0.00
159           0.00          0.00         70.00         30.00
88           0.00          0.00          0.00          0.00
160           0.00          0.00          0.00          0.00
89           0.00          0.00         56.00         20.00
244           0.00          0.00        116.00         38.00
245           0.00          0.00         57.00         19.00
277           0.00          0.00        224.00         71.00
246           0.00          0.00          0.00          0.00
161           0.00          0.00        208.00        107.00
293           0.00          0.00         74.00         28.00
162           0.00          0.00          0.00          0.00
247           0.00          0.00         48.00         14.00
90           0.00          0.00         28.00          7.00
248           0.00          0.00          0.00          0.00
1         375.00          0.00         37.00         13.00
91           0.00          0.00          0.00          0.00
249           0.00          0.00          0.00          0.00
163           0.00          0.00          0.00          0.00
164           0.00          0.00          0.00          0.00
165           0.00          0.00         44.20          0.00
166           0.00          0.00         66.00          0.00
167         155.00          0.00         17.40          0.00
168         290.00          0.00         15.80          0.00
169           0.00          0.00         60.30          0.00
278           0.00          0.00         39.90          0.00
92          68.00          0.00         66.70          0.00
279           0.00          0.00         83.50          0.00
170           0.00          0.00          0.00          0.00
280           0.00          0.00         77.80          0.00
171           0.00          0.00         32.00          0.00
172           0.00          0.00          8.60          0.00
250           0.00          0.00         49.60          0.00
173           0.00          0.00          4.60          0.00
174         117.00          0.00        112.10          0.00
251           0.00          0.00         30.70          0.00
252           0.00          0.00         63.00          0.00
93           0.00          0.00         19.60          0.00
94           0.00          0.00         26.20          0.00
175           0.00          0.00         18.20          0.00
95           0.00          0.00          0.00          0.00
96           0.00          0.00          0.00          0.00
97           0.00          0.00          0.00          0.00
253           0.00          0.00         14.10        650.00
254        1930.00          0.00          0.00          0.00
255           0.00          0.00        777.00        215.00
176           0.00          0.00        535.00         55.00
256           0.00          0.00        229.10         11.80
177           0.00          0.00         78.00          1.40
178         240.00          0.00        276.40         59.30
179           0.00          0.00        514.80         82.70
294           0.00          0.00         57.90          5.10
257           0.00          0.00        380.80         37.00
180           0.00          0.00          0.00          0.00
181           0.00          0.00          0.00          0.00
299           0.00          0.00          0.00          0.00
98           0.00          0.00          0.00          0.00
182           0.00          0.00          0.00          0.00
288           0.00          0.00          0.00          0.00
183           0.00          0.00          0.00          0.00
99           0.00          0.00        169.20         41.60
184           0.00          0.00         55.20         18.20
295           0.00          0.00        273.60         99.80
100        -192.50          0.00        826.70        135.20
185           0.00          0.00        595.00         83.30
296           0.00          0.00        387.70        114.70
186         281.00          0.00        145.00         58.00
187           0.00          0.00         56.50         24.50
281         696.00          0.00         89.50         35.50
101           0.00          0.00          0.00          0.00
282           0.00          0.00         24.00         14.00
258          84.00          0.00          0.00          0.00
102         217.00          0.00          0.00          0.00
188           0.00          0.00         63.00         25.00
103         103.00          0.00          0.00          0.00
104           0.00          0.00          0.00          0.00
105           0.00          0.00          0.00          0.00
106         372.00          0.00         17.00          9.00
189         216.00          0.00          0.00          0.00
107           0.00          0.00         70.00          5.00
190           0.00          0.00        200.00         50.00
108           0.00          0.00         75.00         50.00
191           0.00          0.00        123.50        -24.30
192           0.00          0.00          0.00          0.00
193           0.00          0.00         33.00         16.50
109           0.00          0.00          0.00          0.00
110           0.00          0.00         35.00         15.00
111           0.00          0.00         85.00         24.00
112           0.00          0.00          0.00          0.40
194           0.00          0.00          0.00          0.00
113           0.00          0.00          0.00          0.00
114           0.00          0.00          0.00          0.00
115           0.00          0.00        299.90         95.70
195           0.00          0.00          0.00          0.00
196           0.00          0.00          0.00          0.00
116         205.00          0.00        481.80        205.00
2           0.00          0.00        763.60        291.10
197           0.00          0.00         26.50          0.00
259           0.00          0.00        163.50         43.00
198           0.00          0.00          0.00          0.00
260           0.00          0.00        176.00         83.00
199         228.00          0.00          5.00          4.00
117          84.00          0.00         28.00         12.00
261           0.00          0.00        427.40        173.60
200           0.00          0.00         74.00         29.00
118           0.00          0.00         69.50         49.30
201           0.00          0.00         73.40          0.00
119           0.00          0.00        240.70         89.00
120           0.00          0.00         40.00          4.00
121           0.00          0.00        136.80         16.60
3         200.00          0.00          0.00          0.00
122        1200.00          0.00         59.80         24.30
123        1200.00          0.00         59.80         24.30
262           0.00          0.00        182.60         43.60
202           0.00          0.00          7.00          2.00
203         475.00          0.00          0.00          0.00
124        1973.00          0.00        489.00         53.00
125           0.00          0.00        800.00         72.00
204           0.00          0.00          0.00          0.00
205           0.00          0.00          0.00          0.00
206           0.00          0.00          0.00          0.00
263           0.00          0.00         10.00          3.00
207           0.00          0.00         43.00         14.00
289         424.00          0.00         64.00         21.00
126           0.00          0.00         35.00         12.00
208           0.00          0.00         27.00         12.00
127           0.00          0.00         41.00         14.00
128           0.00          0.00         38.00         13.00
129           0.00          0.00         42.00         14.00
209           0.00          0.00         72.00         24.00
210           0.00          0.00          0.00         -5.00
211           0.00          0.00         12.00          2.00
130           0.00          0.00        -21.00        -14.20
212           0.00          0.00          7.00          2.00
131           0.00          0.00         38.00         13.00
283           0.00          0.00          0.00          0.00
298           0.00          0.00         96.00          7.00
213           0.00          0.00          0.00          0.00
4         272.00          0.00          0.00          0.00
214           0.00          0.00         22.00         16.00
215           0.00          0.00         47.00         26.00
132           0.00          0.00        176.00        105.00
264           0.00          0.00        100.00         75.00
216           0.00          0.00        131.00         96.00
284           0.00          0.00          0.00          0.00
265         100.00          0.00        285.00        100.00
133         450.00          0.00        171.00         70.00
5         250.00          0.00        328.00        188.00
134           0.00          0.00        428.00        232.00
217           0.00          0.00        173.00         99.00
218           0.00          0.00        410.00         40.00
135           0.00          0.00          0.00          0.00
6         303.00          0.00        538.00        369.00
219           0.00          0.00        223.00        148.00
220           0.00          0.00         96.00         46.00
7         345.00          0.00          0.00          0.00
290           0.00          0.00        159.00        107.00
136           0.00          0.00        448.00        143.00
8         300.00          0.00        404.00        212.00
266           0.00          0.00        572.00        244.00
137           0.00          0.00        269.00        157.00
9         600.00          0.00          0.00          0.00
285           0.00          0.00          0.00          0.00
221         250.00          0.00        255.00        149.00
10         550.00          0.00          0.00          0.00
138           0.00          0.00          0.00          0.00
11         575.43          0.00          0.00          0.00
222         170.00          0.00          0.00          0.00
139          84.00          0.00          8.00          3.00
140           0.00          0.00          0.00          0.00
267           0.00          0.00         61.00         30.00
223           0.00          0.00         77.00         33.00
268           0.00          0.00         61.00         30.00
224           0.00          0.00         29.00         14.00
141           0.00          0.00         29.00         14.00
12           0.00          0.00        -23.00        -17.00
13           0.00          0.00        -33.10        -29.40
14           0.00          0.00        115.80        -24.00
15           0.00          0.00          2.40        -12.60
16           0.00          0.00          2.40         -3.90
17           0.00          0.00        -14.90         26.50
18           0.00          0.00         24.70         -1.20
19           0.00          0.00        145.30        -34.90
20           0.00          0.00         28.10        -20.50
21           0.00          0.00         14.00          2.50
22           0.00          0.00        -11.10         -1.40
23           0.00          0.00         50.50         17.40
24           0.00          0.00         29.60          0.60
25           0.00          0.00       -113.70         76.70
26           0.00          0.00        100.31         29.17
27           0.00          0.00       -100.00         34.17
142           0.00          0.00          0.00          0.00
143           0.00          0.00          0.00          0.00
28         467.00          0.00          0.00          0.00
29         623.00          0.00          0.00          0.00
30        1210.00          0.00          0.00          0.00
31         234.00          0.00          0.00          0.00
32         372.00          0.00          0.00          0.00
33         330.00          0.00          0.00          0.00
34         185.00          0.00          0.00          0.00
35         410.00          0.00          0.00          0.00
36         500.00          0.00          0.00          0.00
37          37.00          0.00          0.00          0.00
38           0.00          0.00          0.00          0.00
39          45.00          0.00          0.00          0.00
40         165.00          0.00          0.00          0.00
41         400.00          0.00          0.00          0.00
42         400.00          0.00          0.00          0.00
43         116.00          0.00          0.00          0.00
44        1292.00          0.00          0.00          0.00
45         700.00          0.00          0.00          0.00
46         553.00          0.00          0.00          0.00
269           0.00          0.00          0.00          0.00
225          -4.20          0.00          0.00          0.00
300           0.00          0.00          2.71          0.94
270           0.00          0.00          0.86          0.28
291           0.00          0.00          0.00          0.00
226           0.00          0.00          0.00          0.00
271           0.00          0.00          0.00          0.00
227           0.00          0.00          0.00          0.00
228           0.00          0.00          4.75          1.56
47           0.00          0.00          1.53          0.53
229           0.00          0.00          0.00          0.00
48           0.00          0.00          1.35          0.47
49           0.00          0.00          0.45          0.16
50           0.00          0.00          0.45          0.16
51           0.00          0.00          1.84          0.64
52           0.00          0.00          1.39          0.48
53           0.00          0.00          1.89          0.65
54           0.00          0.00          1.55          0.54
55           0.00          0.00          1.66          0.58
56           0.00          0.00          3.03          1.00
57           0.00          0.00          1.86          0.64
58           0.00          0.00          2.58          0.89
59           0.00          0.00          1.01          0.35
60           0.00          0.00          0.81          0.28
61           0.00          0.00          1.60          0.52
144           0.00          0.00          0.00          0.00
62         -35.81          0.00          0.00          0.00
63           0.00          0.00         30.00         23.00
145         -26.48          0.00          0.00          0.00
64          50.00          0.00          0.00          0.00
65           8.00          0.00          0.00          0.00
66           0.00          0.00          1.02          0.35
67           0.00          0.00          1.02          0.35
68           0.00          0.00          3.80          1.25
69           0.00          0.00          1.19          0.41
0
148            1.0153            -10.00             10.00
73            1.0205            -20.00             20.00
232            1.0010            -20.00             20.00
159            0.9583            -25.00             25.00
161            0.9632             12.00             35.00
1            1.0250           -240.00            240.00
167            1.0520            -11.00             96.00
168            1.0520           -153.00            153.00
92            1.0000            -30.00             56.00
174            0.9900            -24.00             77.00
254            1.0435           -500.00           1500.00
178            1.0233            -60.00            120.00
179            1.0103            -25.00            200.00
100            1.0550           -125.00            350.00
186            1.0510            -50.00             75.00
281            1.0435           -100.00            300.00
258            1.0528            -15.00             35.00
102            1.0528            -50.00            100.00
103            1.0735            -25.00             50.00
106            1.0535            -50.00            175.00
189            1.0435            -50.00             90.00
108            0.9630            -10.00             15.00
116            0.9290            -40.00             90.00
2            0.9829            -50.00            150.00
199            1.0522            -45.00             90.00
117            1.0077            -15.00             35.00
3            1.0522            -50.00             80.00
122            1.0650           -100.00            400.00
123            1.0650           -100.00            400.00
203            1.0551           -300.00            300.00
124            1.0435          -1000.00           1000.00
289            1.0150           -260.00            260.00
4            1.0100           -150.00            150.00
265            1.0080            -60.00             60.00
133            1.0000           -320.00            320.00
5            1.0500           -300.00            300.00
6            1.0000           -300.00            300.00
7            1.0400           -250.00            250.00
8            1.0000           -500.00            500.00
9            1.0165           -300.00            300.00
221            1.0100           -200.00            200.00
10            1.0000           -400.00            400.00
11            1.0500           -600.00            600.00
222            0.9930             40.00            100.00
139            1.0100             40.00             80.00
28            1.0507           -210.00            210.00
29            1.0507           -280.00            280.00
30            1.0323           -420.00            420.00
31            1.0145           -100.00            100.00
32            1.0145           -224.00            224.00
33            1.0507              0.00            350.00
34            1.0507              0.00            120.00
35            1.0290           -224.00            224.00
36            1.0500           -200.00            200.00
37            1.0145              0.00             42.00
38            1.0507           -500.00            500.00
39            0.9967              0.00             25.00
40            1.0212            -90.00             90.00
41            1.0145           -150.00            150.00
42            1.0017              0.00            150.00
43            0.9893              0.00             87.00
44            1.0507           -100.00            600.00
45            1.0507           -125.00            325.00
46            1.0145           -200.00            300.00
225            0.9945             -2.00              2.00
62            1.0000            -17.35             17.35
145            1.0000            -12.80             12.83
64            1.0000            -38.00             38.00
65            1.0000             -6.00              6.00
0
5         0.2000           0.2000         0.1375         210.0000       600.0000
4         0.3000           0.1750         0.1750         200.0000       580.0000
9         0.3000           0.1250         0.1000         200.0000       800.0000
11         0.3500           0.2250         0.1283         300.0000       800.0000
28         0.2200           0.1430         0.2500         300.0000       600.0000
29         0.7500           0.1250         0.2500         300.0000       800.0000
30         0.5400           0.1950         0.2520         600.0000      1600.0000
31         0.3800           0.2200         0.4390         200.0000       400.0000
32         0.3600           0.1250         0.6350         200.0000       500.0000
33         0.9000           0.1300         0.0250         200.0000       500.0000
34         0.8300           0.2300         0.0730         100.0000       300.0000
35         0.4400           0.1430         0.3120         320.0000       600.0000
36         0.1200           0.1400         0.6650         400.0000       800.0000
38         0.5400           0.1150         0.1020         600.0000      1600.0000
40         0.6600           0.1550         0.2650         100.0000       350.0000
41         0.8200           0.1600         0.7000         250.0000       600.0000
42         0.4400           0.1450         0.1050         250.0000       600.0000
43         0.3500           0.1270         0.4500          80.0000       300.0000
44         0.5400           0.1250         0.1220         600.0000      1600.0000
45         0.3800           0.2000         0.1390         500.0000       900.0000
46         0.3600           0.1250         0.2350         400.0000       800.0000
0
1        84
2        171
3        185
4        213
5        222
6        227
7        230
8        233
9        236
10        239
11        241
12        250
13        281
14        319
15        320
16        322
17        323
18        324
19        526
20        528
21        531
22        552
23        562
24        609
25        664
26        1190
27        1200
28        7001
29        7002
30        7003
31        7011
32        7012
33        7017
34        7023
35        7024
36        7039
37        7044
38        7049
39        7055
40        7057
41        7061
42        7062
43        7071
44        7130
45        7139
46        7166
47        9022
48        9024
49        9025
50        9026
51        9031
52        9032
53        9033
54        9034
55        9035
56        9036
57        9037
58        9038
59        9041
60        9042
61        9043
62        9051
63        9052
64        9054
65        9055
66        9071
67        9072
68        9121
69        9533
70        4
71        6
72        9
73        10
74        13
75        14
76        17
77        22
78        25
79        27
80        34
81        36
82        39
83        52
84        53
85        58
86        59
87        60
88        64
89        70
90        80
91        85
92        98
93        112
94        113
95        115
96        116
97        117
98        131
99        135
100        138
101        144
102        147
103        149
104        150
105        151
106        152
107        154
108        156
109        160
110        161
111        162
112        163
113        165
114        166
115        167
116        170
117        177
118        180
119        182
120        183
121        184
122        186
123        187
124        191
125        192
126        199
127        201
128        202
129        203
130        207
131        209
132        216
133        221
134        223
135        226
136        232
137        235
138        240
139        243
140        244
141        249
142        1201
143        2040
144        9044
145        9053
146        1
147        5
148        8
149        16
150        19
151        26
152        40
153        46
154        47
155        48
156        51
157        54
158        61
159        63
160        69
161        76
162        78
163        87
164        88
165        89
166        90
167        91
168        92
169        94
170        100
171        103
172        104
173        107
174        108
175        114
176        121
177        123
178        124
179        125
180        128
181        129
182        132
183        134
184        136
185        139
186        141
187        142
188        148
189        153
190        155
191        157
192        158
193        159
194        164
195        168
196        169
197        172
198        174
199        176
200        179
201        181
202        189
203        190
204        193
205        194
206        195
207        197
208        200
209        204
210        205
211        206
212        208
213        212
214        214
215        215
216        218
217        224
218        225
219        228
220        229
221        238
222        242
223        246
224        248
225        9002
226        9006
227        9012
228        9021
229        9023
230        2
231        12
232        20
233        21
234        23
235        24
236        33
237        35
238        38
239        43
240        45
241        49
242        55
243        57
244        71
245        72
246        74
247        79
248        81
249        86
250        105
251        109
252        110
253        118
254        119
255        120
256        122
257        127
258        146
259        173
260        175
261        178
262        188
263        196
264        217
265        220
266        234
267        245
268        247
269        9001
270        9004
271        9007
272        7
273        11
274        42
275        44
276        62
277        73
278        97
279        99
280        102
281        143
282        145
283        210
284        219
285        237
286        15
287        41
288        133
289        198
290        231
291        9005
292        3
293        77
294        126
295        137
296        140
297        37
298        211
299        130
300        9003
0
