   30   41    100.0     28          0.1  
   1.e-5      2 
    1	 1
    0
    1    1    2    0.0192    0.0575    0.0264           
    2    1    3    0.0452    0.1852    0.0204           
    3    2    4    0.0570    0.1737    0.0184         
    4    3    4    0.0132    0.0379    0.0042          
    5    2    5    0.0472    0.1983    0.0209        
    6    2    6    0.0581    0.1763    0.0187    
    7    4    6    0.0119    0.0414    0.0045          
    8    5    7    0.0460    0.1160    0.0102          
    9    6    7    0.0267    0.0820    0.0085         
   10    6    8    0.0120    0.0420    0.0045          
   13    9   11    0.0       0.2080    0.0           
   15   12   13    0.0       0.1400    0.0           
   16   12   14    0.1231    0.2559    0.0           
   17   12   15    0.0662    0.1304    0.0             
   18   12   16    0.945     0.1987    0.0           
   19   14   15    0.2210    0.1997    0.0             
   20   16   17    0.0824    0.1923    0.0            
   21   15   18    0.1070    0.2185    0.0            
   22   18   19    0.0639    0.1292    0.0         
   23   19   20    0.0340    0.0680    0.0             
   24   10   20    0.0936    0.2090    0.0           
   25   10   17    0.0324    0.0845    0.0             
   26   10   21    0.0348    0.0749    0.0            
   27   10   22    0.0727    0.1499    0.0           
   28   21   22    0.0116    0.0236    0.0           
   29   15   23    0.1000    0.2020    0.0            
   30   22   24    0.1150    0.1790    0.0          
   31   23   24    0.1320    0.2700    0.0           
   32   24   25    0.1885    0.3292    0.0            
   33   25   26    0.2554    0.3800    0.0           
   34   25   27    0.1093    0.2087    0.0 
   36   27   29    0.2198    0.4153    0.0
   37   27   30    0.3202    0.6027    0.0
   38   29   30    0.2399    0.4533    0.0
   39    8   28    0.0636    0.2000    0.0214 
   40    6   28    0.0169    0.0599    0.0065         
   41    9   10    0.0       0.1100    0.0
    0
   10   0.19
   24   0.043
    0
    1    9    6     0.0      0.2080 	0.978    0.9	1.1
    2    6    10    0.0      0.5560	0.969    0.9	1.1
    3    12   4     0.0      0.2560 	0.932    0.9	1.1
    4    28   27    0.0      0.3960	0.968    0.9	1.1
    0
    1   20.        0.        0.        0.
   2   57.56     2.43       21.7      12.7
    3   0.        0.        2.4       1.2
    4   0.        0.        7.6       1.6
    5   24.56     22.25       94.2      19.
    6   0.        0.        0.        0.
    7   0.        0.        22.8      10.9
    8  35        37.27      30.       30.
    9   0.        0.        0.        0.
   10   0.        0.        5.8       2.
   11  17.93      17.61       0.        0.
   12   0.        0.        11.2      7.5
   13   16.91     24.69      0.        0.
   14   0.        0.        6.2       1.6
   15   0.        0.        8.2       2.5
   16   0.        0.        3.5       1.8
   17   0.        0.        9.        5.8
   18   0.        0.        3.2       .9
   19   0.        0.        9.5       3.4
   20   0.        0.        2.2       .7
   21   0.        0.        17.5      11.2
   22   0.        0.        0.        0.
   23   0.        0.        3.2       1.6
   24   0.        0.        8.7       6.7
   25   0.        0.        0.        0.
   26   0.        0.        3.5       2.3
   27   0.        0.        0.        0.
   28   0.        0.        0.        0.
   29   0.        0.        2.4       .9
   30   0.        0.        10.6      1.9
    0
    1   1.060    -50       50.
    2   1.045    -40.      60.
    5   1.010    -40.      40.
    8   1.010    -10.      40.
   11   1.082    -6.       24.
   13   1.071    -6.       24.
    0
    1	10.	2.0	2.0	10.	60.
    2	10.	1.5	2.4	10.	60.
    5 	20.	1.8	0.8	10.	150.
    8   10.	1.0	1.2	10.	120.
   11	20.	1.8	0.8	10.	150.
   13	10.	1.5	2.0	10.	60.
    0
    0
