14	20	100.	20	 0.1 
1.e-5	2 
1	1
0
1	1	2	0.01938	0.05917	0.0264
2	1	5	0.05403	0.22304	0.0246
3	2	3	0.04699	0.19797	0.0219
4	2	4	0.05811	0.17632	0.0187
5	2	5	0.05695	0.17388	0.0170
6	3	4	0.06701	0.17103	0.0173
7	4	5	0.01335	0.04211	0.0064
11	6	11	0.09498	0.19890	0.0
12	6	12	0.12291	0.15581	0.0
13	6	13	0.06615	0.13027	0.0
14	7	8	0.0	0.17615	0.0
15	7	9	0.0	0.11001	0.0
16	9	10	0.03181	0.08450	0.0
19	12	13	0.22092	0.19988	0.0
20	13	14	0.17038	0.34802	0.0
4	14	9	0.12711	0.27038	0.0    
5	10	11	0.08205	0.19207	0.0    
0
9	0.19
0
1	4	7	0.0	0.20912	0.978	0.9	1.1
2	4	9	0.0	0.55618	0.969   0.9	1.1
3	5	6	0.0	0.25202	0.932	0.9	1.1  
0
1	60.	0.	0.	0.
2	40.	42.4	21.7	12.7
3	0.	23.39	94.2	19.0
4	0.	0.	47.8	-3.9
5	0.	0.	7.6	1.6
6	0.	12.24	11.2	7.5
7	0.	0.	0.	0.
8	0.	17.36	0.	0.
9	0.	0.	29.5	16.6
10	0.	0.	9.	5.8
11	0.	0.	3.5	1.8
12	0.	0.	6.1	1.6
13	0.	0.	13.5	5.8
14	0.	0.	14.9	5.
0
1	1.060	-40.	50.
2	1.045	-40.	50.
3	1.010	0.	40.
6	1.070	-30.	40.
8	1.090	-30.	45.
0
1	105.	2.45	0.005	50.	200.
2	44.4	3.51	0.005	20.	100.
6	40.6	3.89	0.005	20.	100.
0
0
0



